Washington [48.371850, -124.621442], [48.966784, -122.731794], [48.923491, -117.172713], [48.966784, -122.786726], [48.995626, -117.073836], [46.043783, -117.007918], [45.676536, -121.171736], [46.363134, -124.050153]
Oregon [46.139693, -123.955359], [45.706402, -120.508725], [45.986022, -116.937514], [44.158254, -117.027684], [42.055468, -117.060606], [42.033814, -120.683166], [42.115362, -124.319641], [44.478660, -124.035775]
Idaho [48.987791, -116.083454], [46.578864, -114.528727], [44.423065, -113.006100], [44.533923, -111.297028], [42.161706, -111.172732], [42.138668, -116.952501], [45.565698, -116.455317], [48.918401, -116.952501]
Montana [48.982947, -116.028306], [48.939667, -104.119127], [45.076458, -104.097154], [45.029890, -111.040513], [44.483798, -112.842271], [45.678389, -114.292466], [46.755329, -114.385114], [47.993920, -116.031306]
Wyoming [44.986059, -111.027382], [44.995299, -107.787257], [44.976818, -104.102922], [43.069991, -104.076792], [41.032991, -104.115987], [41.013278, -107.761127], [41.042846, -111.027382], [43.060446, -111.040447]
California [41.978859, -124.161129], [41.920558, -120.110973], [39.039375, -120.163234], [34.305731, -114.231715], [32.803286, -114.675926], [32.627407, -116.975369], [34.607370, -120.529054], [38.998773, -123.690788]
Nevada [41.940319, -119.889608], [41.989333, -117.230917], [41.940319, -114.132773], [36.214618, -114.088828], [36.072667, -114.813925], [35.179679, -114.660117], [39.067426, -119.933554], [40.586039, -119.955526]
Utah [41.975435, -114.021500], [41.975435, -111.077164], [41.012668, -111.077164], [40.979500, -109.099625], [37.042402, -109.114107], [37.057148, -111.645419], [37.086632, -114.010440], [39.849125, -114.010441]
Arizona [36.997588, -114.015257], [36.851364, -109.220395], [31.382215, -109.076680], [31.371060, -111.075628], [32.523980, -114.773028], [34.215090, -114.080582], [36.052701, -114.681573], [36.179352, -113.897672]
Alaska [71.212471, -156.674689], [69.572206, -141.278091], [60.288071, -141.096955], [59.408628, -151.361353], [54.806571, -164.357601], [63.156958, -164.070390], [65.785010, -167.516930], [68.827750, -165.865463]
Colorado [40.988148, -109.035812], [40.996441, -105.586106], [40.971560, -102.136399], [39.044742, -102.059495], [37.046363, -102.092454], [37.020053, -105.663010], [37.081430, -108.991867], [39.189646, -109.024826]
NewMexico [36.966718, -109.004761], [36.820435, -103.183769], [32.049514, -103.164698], [31.811638, -106.913922], [31.769664, -108.247254], [31.376987, -108.296637], [31.405090, -109.020916], [34.349107, -109.020916]
Texas [31.826435, -106.294868], [32.011064, -103.001022], [36.403439, -102.938874], [36.478433, -100.142211], [34.145924, -98.992472], [33.469267, -94.229859], [26.201338, -97.417724], [29.185458, -103.061812]
Oklahoma [36.974151, -102.971070], [36.956595, -94.698366], [33.685620, -94.533571], [33.804379, -97.159303], [34.603946, -99.949830], [36.507548, -99.971803], [36.525207, -101.421998], [36.560513, -102.960084]
Kansas [39.966724, -102.036067], [39.949882, -95.312435], [39.119536, -94.774105], [37.044350, -94.664242], [37.044350, -94.664242], [37.053119, -102.025081], [38.011444, -102.025081], [39.374778, -102.047054]
Nebraska [42.983819, -104.022921], [42.967743, -98.507785], [42.451089, -96.475314], [40.047869, -95.442600], [40.031047, -98.947238], [40.047869, -102.012423], [40.999867, -102.023410], [41.074449, -104.022921]
SouthDakota [45.913588, -104.028701], [45.898299, -96.634903], [42.699266, -96.733780], [42.812201, -97.986221], [43.029422, -98.535537], [43.053510, -101.260146], [43.037452, -104.028701], [44.856525, -104.028701]
NorthDakota [48.968759, -104.028648], [48.983181, -97.326988], [48.198398, -97.184166], [47.557335, -96.887535], [45.969564, -96.590904], [45.977199, -100.403160], [45.977199, -104.028648], [48.041455, -104.013919]
Minnesota [48.942820, -97.195812], [48.899505, -94.976574], [47.998699, -91.449077], [47.981211, -89.802885], [46.616828, -92.389759], [44.755154, -92.833969], [43.593264, -91.292297], [43.650011, -96.439914]
Iowa [43.482715, -96.534279], [43.482715, -91.304787], [41.883769, -90.206154], [41.349902, -91.118020], [40.402929, -91.403664], [40.645110, -91.766213], [40.636774, -95.710304], [42.348289, -96.380470]
Missouri [40.549116, -95.614770], [40.582499, -91.692652], [38.867338, -90.670923], [36.635185, -89.253687], [36.042254, -89.770044], [36.042254, -90.286402], [36.529320, -90.121607], [36.582271, -94.582056]
Arkansas [36.464263, -94.584165], [36.464263, -90.222593], [35.985680, -90.332457], [35.914530, -89.728209], [33.053457, -91.244322], [33.099486, -94.001890], [33.659102, -94.474302], [35.513120, -94.430356]
Louisiana [32.994773, -94.003755], [32.921027, -91.213228], [32.319563, -91.037447], [31.019915, -91.652681], [30.925717, -89.817965], [29.185665, -89.180758], [29.749999, -93.827974], [31.358257, -93.597261]
Missisipi [34.840696, -90.407521], [34.939823, -88.199270], [30.372705, -88.462941], [30.325301, -89.550588], [30.986858, -89.726369], [31.052765, -91.539113], [32.351956, -90.956838], [33.678475, -91.165578]
Alabama [34.973295, -88.144875], [34.964292, -85.639993], [32.256473, -84.958840], [31.021864, -85.046731], [30.984197, -87.595559], [30.426882, -87.463723], [30.445827, -88.353615], [31.940037, -88.463479]
Georgia [34.958268, -85.555030], [34.958268, -83.192970], [32.026988, -80.830909], [30.423525, -82.100103], [30.789322, -84.785987], [31.896497, -85.093604], [32.259546, -84.851905], [33.119428, -85.181495]
Florida [30.945671, -87.562875], [30.926824, -85.057993], [30.340737, -81.454477], [26.888857, -80.114146], [25.111565, -80.487681], [28.116659, -82.772837], [29.770194, -85.299692], [30.435507, -87.431039]
Tennessi [36.457394, -89.486010], [36.510393, -88.046801], [36.581003, -81.575854], [35.800758, -82.982104], [35.066744, -84.344409], [35.021771, -90.222094], [35.738360, -89.848559], [36.218447, -89.628832]
NorthCarolina [35.032097, -84.288607], [36.555836, -81.596957], [36.538183, -75.895053], [35.256685, -75.532504], [33.881666, -78.520785], [35.157943, -81.014682], [35.220793, -82.366000], [34.996105, -83.772250]
SouthCarolina [34.740941, -83.333971], [35.182120, -82.400133], [35.110253, -81.081774], [34.777045, -79.697497], [33.842367, -78.532946], [32.091191, -80.905993], [33.366555, -81.894762], [34.523988, -82.916491]
Wisconsin [46.719199, -92.114062], [47.027125, -90.455127], [45.408141, -86.862598], [42.530871, -87.840381], [42.498479, -90.477100], [44.042243, -91.542773], [44.754642, -92.749384], [46.009540, -92.392033]
Illinois [42.500913, -90.568471], [42.484712, -87.865835], [41.734895, -87.514272], [38.767420, -87.558218], [37.156436, -88.481069], [38.268866, -90.326772], [40.359578, -91.425405], [41.422602, -90.832143]
Michigan [46.562207, -90.261447], [47.431380, -87.778537], [45.985078, -83.581760], [42.927816, -82.527072], [41.774942, -83.669650], [41.774942, -83.669650], [44.906026, -86.174533], [45.169979, -87.646701]
Indiana [41.660027, -87.498496], [41.750251, -84.894736], [38.809152, -84.894736], [37.895924, -86.608603], [37.843888, -88.036826], [38.766334, -87.476523], [39.354944, -87.542441], [40.567484, -87.509482]
Kentucky [36.558095, -89.341449], [37.138332, -88.429584], [37.887769, -87.913226], [38.216513, -85.847797], [39.108661, -84.738178], [38.732571, -82.903461], [37.513991, -82.046528], [36.593386, -83.738422]
Ohio [41.679385, -84.770145], [41.687589, -83.341923], [41.941423, -80.562382], [39.663128, -80.869999], [38.425956, -82.539921], [38.769407, -82.913456], [38.632224, -83.286991], [39.150334, -84.811691]
WestVirgina [40.604747, -80.557810], [39.740110, -80.524851], [39.697858, -79.481150], [39.604811, -77.899119], [38.461300, -79.195506], [37.255659, -81.601511], [38.392446, -82.568308], [39.239880, -81.689402]
Virgina [36.627629, -83.603273], [37.495541, -81.988283], [39.447837, -78.318850], [38.851451, -77.044436], [38.362096, -77.319094], [37.999387, -75.330569], [36.592354, -75.890871], [36.565887, -80.098635]
Maryland [39.711145, -79.466341], [39.715370, -75.824374], [38.461919, -75.088290], [38.060793, -75.236606], [38.371536, -77.203158], [38.920685, -76.917514], [39.694240, -78.186434], [39.223473, -79.482821]
Delaware [39.721151, -75.782125], [39.814042, -75.326193], [39.602746, -75.606344], [38.781086, -75.084494], [38.489305, -75.062521], [38.472104, -75.370138], [38.493604, -75.710714], [39.071679, -75.738180]
Pennsylvania [41.985214, -80.485569], [42.229732, -79.793430], [41.993380, -79.760471], [41.960710, -75.365940], [41.386283, -74.739720], [40.163337, -74.629856], [39.742248, -75.805393], [39.742248, -80.496555]
NewJersey [41.361015, -74.726266], [40.984745, -73.929757], [40.397471, -73.995675], [38.930224, -74.956979], [39.627560, -75.550241], [40.158594, -74.704294], [40.581289, -75.182199], [40.984745, -75.116281]
NewYork [40.489208, -74.257126], [40.641521, -74.181595], [40.910867, -73.908311], [40.851684, -73.769608], [40.739402, -73.703690], [40.591484, -73.751755], [40.545584, -73.938523], [40.514270, -74.193955]
Connecticut [42.043788, -73.480017], [42.021347, -71.807349], [41.336197, -71.851294], [41.249524, -72.540687], [41.268107, -72.941687], [41.005400, -73.647559], [41.102745, -73.718970], [41.218542, -73.480017]
Massachusetts [42.730908, -73.262545], [42.686507, -71.323459], [42.851840, -70.851047], [42.045247, -70.224826], [41.253067, -69.977634], [41.520951, -71.087253], [42.024848, -71.383883], [42.061563, -73.482272]	
RhodeIsland [42.003224, -71.792255], [42.011388, -71.388507], [41.675826, -71.237445], [41.659412, -71.141315], [41.499157, -71.133075], [41.371492, -71.481891], [41.315817, -71.855426], [41.441533, -71.792255]
Vermont [44.999822, -73.332795], [45.007590, -71.520052], [44.578786, -71.563997], [44.280660, -72.069368], [42.747070, -72.492341], [42.763203, -73.261384], [43.576468, -73.266877], [43.584427, -73.404207]
NewHampshire [45.238446, -71.384424], [45.261649, -71.109766], [43.295503, -70.988916], [43.063173, -70.725244], [42.741268, -71.208643], [42.773534, -72.483056], [44.318252, -72.010644], [44.592721, -71.538232]
Maine [47.421092, -69.208953], [47.336735, -68.309229], [47.054570, -67.824762], [45.708274, -67.824762], [44.841382, -67.008090], [43.118418, -70.662353], [45.300829, -71.049926], [46.399893, -70.053309]
Hawaii [21.662762, -160.561462], [22.199172, -159.593217], [21.712746, -158.006370], [20.760126, -156.002640], [19.510187, -154.819229], [18.951502, -155.666444], [20.495827, -156.755720], [21.312394, -158.127401]